camera_callibration:
  K: [448.13386274345095, 0.0, 640.5, 0.0, 448.13386274345095, 360.5, 0.0, 0.0, 1.0]
  R: [1.0, 0.0, 0.0, 0.0, 1.0, 0.0, 0.0, 0.0, 1.0]
  P: [448.13386274345095, 0.0, 640.5, -53.77606352921411, 0.0, 448.13386274345095, 360.5, 0.0, 0.0, 0.0, 1.0, 0.0]
  D: [0.0, 0.0, 0.0, 0.0, 0.0]
  distortion_model_: "plumb_bob"

# Noise are in units of pixel
gaussian_noise_bounding_box:
  mean: 0.0
  standard_deviation: 1.0

gaussian_noise_width:
  mean: 0.0
  standard_deviation: 1.0

gaussian_noise_height:
  mean: 0.0
  standard_deviation: 1.0